dipper.data<-c(
  1, 1, 1, 1, 0, 0, 0,
  1, 1, 0, 1, 1, 1, 0,
  1, 1, 0, 0, 0, 0, 0,
  1, 1, 0, 0, 0, 0, 0,
  1, 0, 1, 0, 0, 0, 0,
  1, 0, 0, 0, 0, 0, 0,
  1, 0, 0, 0, 0, 0, 0,
  1, 0, 0, 0, 0, 0, 0,
  1, 0, 0, 0, 0, 0, 0,
  0, 1, 1, 1, 1, 1, 1,
  0, 1, 1, 1, 1, 1, 1,
  0, 1, 1, 1, 1, 1, 0,
  0, 1, 1, 1, 1, 0, 0,
  0, 1, 1, 1, 1, 0, 0,
  0, 1, 1, 1, 0, 0, 0,
  0, 1, 1, 0, 1, 1, 0,
  0, 1, 1, 0, 0, 0, 0,
  0, 1, 1, 0, 0, 0, 0,
  0, 1, 1, 0, 0, 0, 0,
  0, 1, 1, 0, 0, 0, 0,
  0, 1, 0, 0, 0, 0, 0,
  0, 1, 0, 0, 0, 0, 0,
  0, 1, 0, 0, 0, 0, 0,
  0, 1, 0, 0, 0, 0, 0,
  0, 1, 0, 0, 0, 0, 0,
  0, 1, 0, 0, 0, 0, 0,
  0, 1, 0, 0, 0, 0, 0,
  0, 1, 0, 0, 0, 0, 0,
  0, 1, 0, 0, 0, 0, 0,
  0, 1, 0, 0, 0, 0, 0,
  0, 1, 0, 0, 0, 0, 0,
  0, 1, 0, 0, 0, 0, 0,
  0, 1, 0, 0, 0, 0, 0,
  0, 1, 0, 0, 0, 0, 0,
  0, 1, 0, 0, 0, 0, 0,
  0, 1, 0, 0, 0, 0, 0,
  0, 1, 0, 0, 0, 0, 0,
  0, 1, 0, 0, 0, 0, 0,
  0, 0, 1, 1, 1, 1, 1,
  0, 0, 1, 1, 1, 1, 1,
  0, 0, 1, 1, 1, 1, 0,
  0, 0, 1, 1, 1, 0, 0,
  0, 0, 1, 1, 1, 0, 0,
  0, 0, 1, 1, 0, 0, 0,
  0, 0, 1, 1, 0, 0, 0,
  0, 0, 1, 1, 0, 0, 0,
  0, 0, 1, 1, 0, 0, 0,
  0, 0, 1, 0, 0, 0, 0,
  0, 0, 1, 0, 0, 0, 0,
  0, 0, 1, 0, 0, 0, 0,
  0, 0, 1, 0, 0, 0, 0,
  0, 0, 1, 0, 0, 0, 0,
  0, 0, 1, 0, 0, 0, 0,
  0, 0, 1, 0, 0, 0, 0,
  0, 0, 1, 0, 0, 0, 0,
  0, 0, 1, 0, 0, 0, 0,
  0, 0, 1, 0, 0, 0, 0,
  0, 0, 1, 0, 0, 0, 0,
  0, 0, 1, 0, 0, 0, 0,
  0, 0, 1, 0, 0, 0, 0,
  0, 0, 1, 0, 0, 0, 0,
  0, 0, 1, 0, 0, 0, 0,
  0, 0, 1, 0, 0, 0, 0,
  0, 0, 1, 0, 0, 0, 0,
  0, 0, 1, 0, 0, 0, 0,
  0, 0, 0, 1, 1, 1, 1,
  0, 0, 0, 1, 1, 1, 1,
  0, 0, 0, 1, 1, 1, 0,
  0, 0, 0, 1, 1, 1, 0,
  0, 0, 0, 1, 1, 1, 0,
  0, 0, 0, 1, 1, 1, 0,
  0, 0, 0, 1, 1, 0, 0,
  0, 0, 0, 1, 1, 0, 0,
  0, 0, 0, 1, 1, 0, 0,
  0, 0, 0, 1, 1, 0, 0,
  0, 0, 0, 1, 1, 0, 0,
  0, 0, 0, 1, 0, 1, 1,
  0, 0, 0, 1, 0, 0, 1,
  0, 0, 0, 1, 0, 0, 0,
  0, 0, 0, 1, 0, 0, 0,
  0, 0, 0, 1, 0, 0, 0,
  0, 0, 0, 1, 0, 0, 0,
  0, 0, 0, 1, 0, 0, 0,
  0, 0, 0, 1, 0, 0, 0,
  0, 0, 0, 1, 0, 0, 0,
  0, 0, 0, 1, 0, 0, 0,
  0, 0, 0, 1, 0, 0, 0,
  0, 0, 0, 1, 0, 0, 0,
  0, 0, 0, 0, 1, 1, 1,
  0, 0, 0, 0, 1, 1, 1,
  0, 0, 0, 0, 1, 1, 1,
  0, 0, 0, 0, 1, 1, 1,
  0, 0, 0, 0, 1, 1, 1,
  0, 0, 0, 0, 1, 1, 1,
  0, 0, 0, 0, 1, 1, 0,
  0, 0, 0, 0, 1, 1, 0,
  0, 0, 0, 0, 1, 1, 0,
  0, 0, 0, 0, 1, 1, 0,
  0, 0, 0, 0, 1, 1, 0,
  0, 0, 0, 0, 1, 1, 0,
  0, 0, 0, 0, 1, 0, 0,
  0, 0, 0, 0, 1, 0, 0,
  0, 0, 0, 0, 1, 0, 0,
  0, 0, 0, 0, 1, 0, 0,
  0, 0, 0, 0, 1, 0, 0,
  0, 0, 0, 0, 1, 0, 0,
  0, 0, 0, 0, 1, 0, 0,
  0, 0, 0, 0, 0, 1, 1,
  0, 0, 0, 0, 0, 1, 1,
  0, 0, 0, 0, 0, 1, 1,
  0, 0, 0, 0, 0, 1, 1,
  0, 0, 0, 0, 0, 1, 1,
  0, 0, 0, 0, 0, 1, 1,
  0, 0, 0, 0, 0, 1, 1,
  0, 0, 0, 0, 0, 1, 1,
  0, 0, 0, 0, 0, 1, 1,
  0, 0, 0, 0, 0, 1, 1,
  0, 0, 0, 0, 0, 1, 1,
  0, 0, 0, 0, 0, 1, 0,
  0, 0, 0, 0, 0, 1, 0,
  0, 0, 0, 0, 0, 1, 0,
  0, 0, 0, 0, 0, 1, 0,
  0, 0, 0, 0, 0, 1, 0,
  0, 0, 0, 0, 0, 1, 0,
  0, 0, 0, 0, 0, 1, 0,
  0, 0, 0, 0, 0, 1, 0,
  0, 0, 0, 0, 0, 1, 0,
  0, 0, 0, 0, 0, 1, 0,
  0, 0, 0, 0, 0, 1, 0,
  0, 0, 0, 0, 0, 1, 0
)
dipper.matrix<-matrix(dipper.data,nrow=130,ncol=7,byrow=T)
First<-c(1,1,1,1,1,1,1,1,1,2,2,2,2,2,2,2,2,2,2,2,2,2,2,2,2,2,2,2,2,2,2,2,2,2,2,2,2,2,3,3,3,3,3,3,3,3,3,3,3,3,3,3,3,3,3,3,3,3,3,3,3,3,3,3,3,4,4,4,4,4,4,4,4,4,4,4,4,4,4,4,4,4,4,4,4,4,4,4,5,5,5,5,5,5,5,5,5,5,5,5,5,5,5,5,5,5,5,6,6,6,6,6,6,6,6,6,6,6,6,6,6,6,6,6,6,6,6,6,6,6)

