vole<-c(8,68,92,38,62,40,112,64,61,76,35,122,57,63,77,85,20,82,57,80,72,70,53,20,8,44,54,22,84,43)